  0.0000000e+000  7.0709177e+000 -7.0709176e+000
  1.0000000e-001  7.0712709e+000 -7.0712276e+000
  2.0000000e-001  7.0781831e+000 -7.0780151e+000
  3.0000000e-001  7.0914281e+000 -7.0910510e+000
  4.0000000e-001  7.1107800e+000 -7.1101056e+000
  5.0000000e-001  7.1360134e+000 -7.1349490e+000
  6.0000000e-001  7.1669070e+000 -7.1653469e+000
  7.0000000e-001  7.2032291e+000 -7.2010756e+000
  8.0000000e-001  7.2447607e+000 -7.2418988e+000
  9.0000000e-001  7.2912778e+000 -7.2875848e+000
  1.0000000e+000  7.3425590e+000 -7.3378996e+000
  1.1000000e+000  7.3983789e+000 -7.3926133e+000
  1.2000000e+000  7.4585147e+000 -7.4514930e+000
  1.3000000e+000  7.5227440e+000 -7.5143059e+000
  1.4000000e+000  7.5908586e+000 -7.5808044e+000
  1.5000000e+000  7.6626123e+000 -7.6507794e+000
  1.6000000e+000  7.7378128e+000 -7.7239677e+000
  1.7000000e+000  7.8162252e+000 -7.8001485e+000
  1.8000000e+000  7.8976465e+000 -7.8790694e+000
  1.9000000e+000  7.9818336e+000 -7.9605179e+000
  2.0000000e+000  8.0685964e+000 -8.0442285e+000
  2.1000000e+000  8.1576988e+000 -8.1299817e+000
  2.2000000e+000  8.2489223e+000 -8.2175406e+000
  2.3000000e+000  8.3420925e+000 -8.3066234e+000
  2.4000000e+000  8.4369413e+000 -8.3970429e+000
  2.5000000e+000  8.5332893e+000 -8.4885225e+000
  2.6000000e+000  8.6308985e+000 -8.5808448e+000
  2.7000000e+000  8.7296028e+000 -8.6737194e+000
  2.8000000e+000  8.8291472e+000 -8.7669457e+000
  2.9000000e+000  8.9293258e+000 -8.8602738e+000
  3.0000000e+000  9.0299658e+000 -8.9534199e+000
  3.1000000e+000  9.1308245e+000 -9.0461708e+000
  3.2000000e+000  9.2317136e+000 -9.1382582e+000
  3.3000000e+000  9.3324088e+000 -9.2294504e+000
  3.4000000e+000  9.4327243e+000 -9.3194762e+000
  3.5000000e+000  9.5324526e+000 -9.4080862e+000
  3.6000000e+000  9.6313826e+000 -9.4950348e+000
  3.7000000e+000  9.7293201e+000 -9.5800590e+000
  3.8000000e+000  9.8260583e+000 -9.6629081e+000
  3.9000000e+000  9.9213954e+000 -9.7433263e+000
  4.0000000e+000  1.0015134e+001 -9.8210531e+000
  4.1000000e+000  1.0107082e+001 -9.8958222e+000
  4.2000000e+000  1.0197025e+001 -9.9673886e+000
  4.3000000e+000  1.0284779e+001 -1.0035478e+001
  4.4000000e+000  1.0370108e+001 -1.0099869e+001
  4.5000000e+000  1.0452869e+001 -1.0160241e+001
  4.6000000e+000  1.0532812e+001 -1.0216385e+001
  4.7000000e+000  1.0609768e+001 -1.0268011e+001
  4.8000000e+000  1.0683507e+001 -1.0314885e+001
  4.9000000e+000  1.0753889e+001 -1.0356684e+001
  5.0000000e+000  1.0820591e+001 -1.0393273e+001
  5.1000000e+000  1.0883594e+001 -1.0424340e+001
  5.2000000e+000  1.0942966e+001 -1.0449955e+001
  5.3000000e+000  1.0998811e+001 -1.0470255e+001
  5.4000000e+000  1.1051324e+001 -1.0485279e+001
  5.5000000e+000  1.1100645e+001 -1.0495124e+001
  5.6000000e+000  1.1146911e+001 -1.0499891e+001
  5.7000000e+000  1.1190283e+001 -1.0499652e+001
  5.8000000e+000  1.1230893e+001 -1.0494507e+001
  5.9000000e+000  1.1268922e+001 -1.0484505e+001
  6.0000000e+000  1.1304482e+001 -1.0469767e+001
  6.1000000e+000  1.1337668e+001 -1.0450433e+001
  6.2000000e+000  1.1368743e+001 -1.0426453e+001
  6.3000000e+000  1.1397748e+001 -1.0398024e+001
  6.4000000e+000  1.1424862e+001 -1.0365186e+001
  6.5000000e+000  1.1450200e+001 -1.0328051e+001
  6.6000000e+000  1.1473922e+001 -1.0286675e+001
  6.7000000e+000  1.1496133e+001 -1.0241175e+001
  6.8000000e+000  1.1516983e+001 -1.0191618e+001
  6.9000000e+000  1.1536565e+001 -1.0138130e+001
  7.0000000e+000  1.1555036e+001 -1.0080763e+001
  7.1000000e+000  1.1572488e+001 -1.0019642e+001
  7.2000000e+000  1.1589087e+001 -9.9548032e+000
  7.3000000e+000  1.1604828e+001 -9.8864808e+000
  7.4000000e+000  1.1619938e+001 -9.8146350e+000
  7.5000000e+000  1.1634453e+001 -9.7394493e+000
  7.6000000e+000  1.1648475e+001 -9.6610254e+000
  7.7000000e+000  1.1662165e+001 -9.5793938e+000
  7.8000000e+000  1.1675552e+001 -9.4947423e+000
  7.9000000e+000  1.1688659e+001 -9.4072645e+000
  8.0000000e+000  1.1701684e+001 -9.3169414e+000
  8.1000000e+000  1.1714571e+001 -9.2240636e+000
  8.2000000e+000  1.1727473e+001 -9.1286645e+000
  8.3000000e+000  1.1740490e+001 -9.0308387e+000
  8.4000000e+000  1.1753660e+001 -8.9307620e+000
  8.5000000e+000  1.1766992e+001 -8.8286484e+000
  8.6000000e+000  1.1780541e+001 -8.7246596e+000
  8.7000000e+000  1.1794355e+001 -8.6189623e+000
  8.8000000e+000  1.1808484e+001 -8.5117278e+000
  8.9000000e+000  1.1823126e+001 -8.4029199e+000
  9.0000000e+000  1.1838093e+001 -8.2930478e+000
  9.1000000e+000  1.1853603e+001 -8.1820518e+000
  9.2000000e+000  1.1869546e+001 -8.0703471e+000
  9.3000000e+000  1.1886196e+001 -7.9577969e+000
  9.4000000e+000  1.1903336e+001 -7.8449916e+000
  9.5000000e+000  1.1921156e+001 -7.7319276e+000
  9.6000000e+000  1.1939800e+001 -7.6186668e+000
  9.7000000e+000  1.1959172e+001 -7.5056541e+000
  9.8000000e+000  1.1979313e+001 -7.3931324e+000
  9.9000000e+000  1.2000485e+001 -7.2809982e+000
  1.0000000e+001  1.2022660e+001 -7.1696162e+000
  1.0100000e+001  1.2045730e+001 -7.0594064e+000
  1.0200000e+001  1.2069899e+001 -6.9499230e+000
  1.0300000e+001  1.2094670e+001 -6.8418478e+000
  1.0400000e+001  1.2119993e+001 -6.7351152e+000
  1.0500000e+001  1.2145546e+001 -6.6301552e+000
  1.0600000e+001  1.2171561e+001 -6.5263996e+000
  1.0700000e+001  1.2197855e+001 -6.4240289e+000
  1.0800000e+001  1.2224362e+001 -6.3230157e+000
  1.0900000e+001  1.2251119e+001 -6.2231326e+000
  1.1000000e+001  1.2278141e+001 -6.1241747e+000
  1.1100000e+001  1.2305307e+001 -6.0262126e+000
  1.1200000e+001  1.2332548e+001 -5.9292138e+000
  1.1300000e+001  1.2359820e+001 -5.8330872e+000
  1.1400000e+001  1.2387098e+001 -5.7377073e+000
  1.1500000e+001  1.2414325e+001 -5.6430034e+000
  1.1600000e+001  1.2441444e+001 -5.5489071e+000
  1.1700000e+001  1.2468395e+001 -5.4553530e+000
  1.1800000e+001  1.2495117e+001 -5.3622778e+000
  1.1900000e+001  1.2521557e+001 -5.2695918e+000
  1.2000000e+001  1.2547646e+001 -5.1772439e+000
  1.2100000e+001  1.2573309e+001 -5.0851974e+000
  1.2200000e+001  1.2598477e+001 -4.9933977e+000
  1.2300000e+001  1.2623078e+001 -4.9017929e+000
  1.2400000e+001  1.2647030e+001 -4.8103623e+000
  1.2500000e+001  1.2670249e+001 -4.7190858e+000
  1.2600000e+001  1.2692677e+001 -4.6278749e+000
  1.2700000e+001  1.2714237e+001 -4.5366892e+000
  1.2800000e+001  1.2734851e+001 -4.4454912e+000
  1.2900000e+001  1.2754476e+001 -4.3541314e+000
  1.3000000e+001  1.2773001e+001 -4.2626647e+000
  1.3100000e+001  1.2790307e+001 -4.1711695e+000
  1.3200000e+001  1.2806318e+001 -4.0795958e+000
  1.3300000e+001  1.2820974e+001 -3.9878529e+000
  1.3400000e+001  1.2834240e+001 -3.8957413e+000
  1.3500000e+001  1.2845951e+001 -3.8034973e+000
  1.3600000e+001  1.2856007e+001 -3.7111527e+000
  1.3700000e+001  1.2864382e+001 -3.6184769e+000
  1.3800000e+001  1.2870995e+001 -3.5254260e+000
  1.3900000e+001  1.2875656e+001 -3.4323458e+000
  1.4000000e+001  1.2878361e+001 -3.3389243e+000
  1.4100000e+001  1.2879036e+001 -3.2450769e+000
  1.4200000e+001  1.2877486e+001 -3.1512093e+000
  1.4300000e+001  1.2873708e+001 -3.0569634e+000
  1.4400000e+001  1.2867602e+001 -2.9623718e+000
  1.4500000e+001  1.2859004e+001 -2.8677420e+000
  1.4600000e+001  1.2847904e+001 -2.7727207e+000
  1.4700000e+001  1.2834172e+001 -2.6774682e+000
  1.4800000e+001  1.2817678e+001 -2.5821824e+000
  1.4900000e+001  1.2798388e+001 -2.4865821e+000
  1.5000000e+001  1.2776189e+001 -2.3907716e+000
  1.5100000e+001  1.2750976e+001 -2.2950281e+000
  1.5200000e+001  1.2722849e+001 -2.1992198e+000
  1.5300000e+001  1.2691916e+001 -2.1032923e+000
  1.5400000e+001  1.2658247e+001 -2.0074118e+000
  1.5500000e+001  1.2621929e+001 -1.9116790e+000
  1.5600000e+001  1.2583048e+001 -1.8161838e+000
  1.5700000e+001  1.2541711e+001 -1.7208951e+000
  1.5800000e+001  1.2498011e+001 -1.6258592e+000
  1.5900000e+001  1.2452042e+001 -1.5311274e+000
  1.6000000e+001  1.2403889e+001 -1.4368369e+000
  1.6100000e+001  1.2353655e+001 -1.3429700e+000
  1.6200000e+001  1.2301459e+001 -1.2493575e+000
  1.6300000e+001  1.2247380e+001 -1.1561809e+000
  1.6400000e+001  1.2191490e+001 -1.0637517e+000
  1.6500000e+001  1.2133938e+001 -9.7154552e-001
  1.6600000e+001  1.2074775e+001 -8.8012896e-001
  1.6700000e+001  1.2014138e+001 -7.8903510e-001
  1.6800000e+001  1.1952097e+001 -6.9867466e-001
  1.6900000e+001  1.1888761e+001 -6.0893066e-001
  1.7000000e+001  1.1824231e+001 -5.1977294e-001
  1.7100000e+001  1.1758606e+001 -4.3121202e-001
  1.7200000e+001  1.1691984e+001 -3.4325556e-001
  1.7300000e+001  1.1624464e+001 -2.5590831e-001
  1.7400000e+001  1.1556143e+001 -1.6917205e-001
  1.7500000e+001  1.1487120e+001 -8.3045559e-002
  1.7600000e+001  1.1417494e+001  2.2933486e-003
  1.7700000e+001  1.1347348e+001  8.8934203e-002
  1.7800000e+001  1.1276718e+001  1.7809868e-001
  1.7900000e+001  1.1205625e+001  2.6980546e-001
  1.8000000e+001  1.1134097e+001  3.6376850e-001
  1.8100000e+001  1.1062155e+001  4.5999431e-001
  1.8200000e+001  1.0989820e+001  5.5842822e-001
  1.8300000e+001  1.0917131e+001  6.5873688e-001
  1.8400000e+001  1.0844115e+001  7.6083663e-001
  1.8500000e+001  1.0770798e+001  8.6472127e-001
  1.8600000e+001  1.0697222e+001  9.7016626e-001
  1.8700000e+001  1.0623443e+001  1.0768638e+000
  1.8800000e+001  1.0549488e+001  1.1848853e+000
  1.8900000e+001  1.0475402e+001  1.2941202e+000
  1.9000000e+001  1.0401261e+001  1.4042413e+000
  1.9100000e+001  1.0327117e+001  1.5152003e+000
  1.9200000e+001  1.0253039e+001  1.6268365e+000
  1.9300000e+001  1.0179080e+001  1.7391322e+000
  1.9400000e+001  1.0105338e+001  1.8518376e+000
  1.9500000e+001  1.0031882e+001  1.9649077e+000
  1.9600000e+001  9.9587993e+000  2.0782237e+000
  1.9700000e+001  9.8861838e+000  2.1916736e+000
  1.9800000e+001  9.8141345e+000  2.3051532e+000
  1.9900000e+001  9.7427336e+000  2.4186557e+000
  2.0000000e+001  9.6721255e+000  2.5319456e+000
  2.0100000e+001  9.6023438e+000  2.6451473e+000
  2.0200000e+001  9.5334165e+000  2.7580757e+000
  2.0300000e+001  9.4652740e+000  2.8708361e+000
  2.0400000e+001  9.3980254e+000  2.9829578e+000
  2.0500000e+001  9.3315365e+000  3.0947869e+000
  2.0600000e+001  9.2658737e+000  3.2060351e+000
  2.0700000e+001  9.2010459e+000  3.3166217e+000
  2.0800000e+001  9.1370665e+000  3.4264708e+000
  2.0900000e+001  9.0739527e+000  3.5355112e+000
  2.1000000e+001  9.0115568e+000  3.6440914e+000
  2.1100000e+001  8.9500319e+000  3.7517974e+000
  2.1200000e+001  8.8894001e+000  3.8585741e+000
  2.1300000e+001  8.8296857e+000  3.9643718e+000
  2.1400000e+001  8.7709149e+000  4.0691466e+000
  2.1500000e+001  8.7128465e+000  4.1734189e+000
  2.1600000e+001  8.6558911e+000  4.2763290e+000
  2.1700000e+001  8.5998264e+000  4.3783634e+000
  2.1800000e+001  8.5446219e+000  4.4795887e+000
  2.1900000e+001  8.4903659e+000  4.5798450e+000
  2.2000000e+001  8.4373099e+000  4.6786972e+000
  2.2100000e+001  8.3849504e+000  4.7770820e+000
  2.2200000e+001  8.3336320e+000  4.8743911e+000
  2.2300000e+001  8.2833872e+000  4.9705975e+000
  2.2400000e+001  8.2342352e+000  5.0656999e+000
  2.2500000e+001  8.1860602e+000  5.1599118e+000
  2.2600000e+001  8.1387457e+000  5.2534279e+000
  2.2700000e+001  8.0925403e+000  5.3458728e+000
  2.2800000e+001  8.0474055e+000  5.4373302e+000
  2.2900000e+001  8.0032194e+000  5.5279965e+000
  2.3000000e+001  7.9599851e+000  5.6178752e+000
  2.3100000e+001  7.9180525e+000  5.7064873e+000
  2.3200000e+001  7.8767242e+000  5.7948168e+000
  2.3300000e+001  7.8366723e+000  5.8819441e+000
  2.3400000e+001  7.7975457e+000  5.9683581e+000
  2.3500000e+001  7.7593398e+000  6.0540650e+000
  2.3600000e+001  7.7220495e+000  6.1390716e+000
  2.3700000e+001  7.6856681e+000  6.2233850e+000
  2.3800000e+001  7.6504563e+000  6.3066869e+000
  2.3900000e+001  7.6158550e+000  6.3896578e+000
  2.4000000e+001  7.5823771e+000  6.4716747e+000
  2.4100000e+001  7.5497431e+000  6.5530685e+000
  2.4200000e+001  7.5179413e+000  6.6338440e+000
  2.4300000e+001  7.4869589e+000  6.7140061e+000
  2.4400000e+001  7.4568274e+000  6.7935097e+000
  2.4500000e+001  7.4275681e+000  6.8723224e+000
  2.4600000e+001  7.3989751e+000  6.9506549e+000
  2.4700000e+001  7.3712278e+000  7.0282999e+000
  2.4800000e+001  7.3442269e+000  7.1053497e+000
  2.4900000e+001  7.3179268e+000  7.1818348e+000
  2.5000000e+001  7.2923108e+000  7.2577544e+000
  2.5100000e+001  7.2673616e+000  7.3331070e+000
  2.5200000e+001  7.2430800e+000  7.4078725e+000
  2.5300000e+001  7.2194525e+000  7.4820439e+000
  2.5400000e+001  7.1963831e+000  7.5556930e+000
  2.5500000e+001  7.1739416e+000  7.6287297e+000
  2.5600000e+001  7.1520496e+000  7.7012058e+000
  2.5700000e+001  7.1306889e+000  7.7731139e+000
  2.5800000e+001  7.1098407e+000  7.8444458e+000
  2.5900000e+001  7.0894864e+000  7.9151928e+000
  2.6000000e+001  7.0696071e+000  7.9853457e+000
  2.6100000e+001  7.0501840e+000  8.0548941e+000
  2.6200000e+001  7.0311425e+000  8.1238754e+000
  2.6300000e+001  7.0125631e+000  8.1921914e+000
  2.6400000e+001  6.9943036e+000  8.2599354e+000
  2.6500000e+001  6.9764012e+000  8.3270454e+000
  2.6600000e+001  6.9588377e+000  8.3935068e+000
  2.6700000e+001  6.9416777e+000  8.4592360e+000
  2.6800000e+001  6.9247043e+000  8.5243807e+000
  2.6900000e+001  6.9079973e+000  8.5888430e+000
  2.7000000e+001  6.8916067e+000  8.6525511e+000
  2.7100000e+001  6.8754641e+000  8.7155284e+000
  2.7200000e+001  6.8593810e+000  8.7778902e+000
  2.7300000e+001  6.8436704e+000  8.8393578e+000
  2.7400000e+001  6.8279625e+000  8.9001857e+000
  2.7500000e+001  6.8125652e+000  8.9601029e+000
  2.7600000e+001  6.7972124e+000  9.0192789e+000
  2.7700000e+001  6.7818504e+000  9.0777182e+000
  2.7800000e+001  6.7659013e+000  9.1358121e+000
  2.7900000e+001  6.7492364e+000  9.1936074e+000
  2.8000000e+001  6.7318548e+000  9.2510552e+000
  2.8100000e+001  6.7134676e+000  9.3083148e+000
  2.8200000e+001  6.6946360e+000  9.3649309e+000
  2.8300000e+001  6.6750169e+000  9.4211040e+000
  2.8400000e+001  6.6544889e+000  9.4768702e+000
  2.8500000e+001  6.6332182e+000  9.5320634e+000
  2.8600000e+001  6.6114260e+000  9.5864836e+000
  2.8700000e+001  6.5886118e+000  9.6404306e+000
  2.8800000e+001  6.5650599e+000  9.6936604e+000
  2.8900000e+001  6.5407744e+000  9.7461246e+000
  2.9000000e+001  6.5157600e+000  9.7977747e+000
  2.9100000e+001  6.4900222e+000  9.8485623e+000
  2.9200000e+001  6.4635315e+000  9.8984625e+000
  2.9300000e+001  6.4358949e+000  9.9476850e+000
  2.9400000e+001  6.4080060e+000  9.9956058e+000
  2.9500000e+001  6.3790149e+000  1.0042730e+001
  2.9600000e+001  6.3495836e+000  1.0088591e+001
  2.9700000e+001  6.3190258e+000  1.0133579e+001
  2.9800000e+001  6.2878880e+000  1.0177308e+001
  2.9900000e+001  6.2561679e+000  1.0219739e+001
  3.0000000e+001  6.2236162e+000  1.0260983e+001
  3.0100000e+001  6.1902436e+000  1.0301004e+001
  3.0200000e+001  6.1560787e+000  1.0339793e+001
  3.0300000e+001  6.1212606e+000  1.0377286e+001
  3.0400000e+001  6.0861273e+000  1.0413308e+001
  3.0500000e+001  6.0501196e+000  1.0448207e+001
  3.0600000e+001  6.0135267e+000  1.0481832e+001
  3.0700000e+001  5.9764050e+000  1.0514174e+001
  3.0800000e+001  5.9390210e+000  1.0545102e+001
  3.0900000e+001  5.9007081e+000  1.0575014e+001
  3.1000000e+001  5.8619999e+000  1.0603629e+001
  3.1100000e+001  5.8229303e+000  1.0630949e+001
  3.1200000e+001  5.7835329e+000  1.0656980e+001
  3.1300000e+001  5.7438408e+000  1.0681726e+001
  3.1400000e+001  5.7038868e+000  1.0705191e+001
  3.1500000e+001  5.6631086e+000  1.0727696e+001
  3.1600000e+001  5.6222703e+000  1.0748855e+001
  3.1700000e+001  5.5812103e+000  1.0768777e+001
  3.1800000e+001  5.5398781e+000  1.0787509e+001
  3.1900000e+001  5.4979292e+000  1.0805250e+001
  3.2000000e+001  5.4562472e+000  1.0821569e+001
  3.2100000e+001  5.4142833e+000  1.0836769e+001
  3.2200000e+001  5.3720616e+000  1.0850858e+001
  3.2300000e+001  5.3296059e+000  1.0863846e+001
  3.2400000e+001  5.2869396e+000  1.0875741e+001
  3.2500000e+001  5.2442643e+000  1.0886466e+001
  3.2600000e+001  5.2018148e+000  1.0895934e+001
  3.2700000e+001  5.1586389e+000  1.0904619e+001
  3.2800000e+001  5.1160618e+000  1.0911914e+001
  3.2900000e+001  5.0726507e+000  1.0918515e+001
  3.3000000e+001  5.0298512e+000  1.0923767e+001
  3.3100000e+001  4.9869636e+000  1.0928019e+001
  3.3200000e+001  4.9440075e+000  1.0931283e+001
  3.3300000e+001  4.9010022e+000  1.0933571e+001
  3.3400000e+001  4.8579667e+000  1.0934895e+001
  3.3500000e+001  4.8149194e+000  1.0935266e+001
  3.3600000e+001  4.7718787e+000  1.0934699e+001
  3.3700000e+001  4.7292304e+000  1.0933046e+001
  3.3800000e+001  4.6864517e+000  1.0930557e+001
  3.3900000e+001  4.6437441e+000  1.0927164e+001
  3.4000000e+001  4.6011932e+000  1.0922853e+001
  3.4100000e+001  4.5589248e+000  1.0917592e+001
  3.4200000e+001  4.5165945e+000  1.0911546e+001
  3.4300000e+001  4.4741866e+000  1.0904742e+001
  3.4400000e+001  4.4321604e+000  1.0897009e+001
  3.4500000e+001  4.3902940e+000  1.0888462e+001
  3.4600000e+001  4.3488197e+000  1.0879028e+001
  3.4700000e+001  4.3073815e+000  1.0868871e+001
  3.4800000e+001  4.2659366e+000  1.0858027e+001
  3.4900000e+001  4.2246651e+000  1.0846444e+001
  3.5000000e+001  4.1839345e+000  1.0834001e+001
  3.5100000e+001  4.1430300e+000  1.0820994e+001
  3.5200000e+001  4.1026548e+000  1.0807174e+001
  3.5300000e+001  4.0624662e+000  1.0792693e+001
  3.5400000e+001  4.0223304e+000  1.0777620e+001
  3.5500000e+001  3.9824303e+000  1.0761906e+001
  3.5600000e+001  3.9428871e+000  1.0745527e+001
  3.5700000e+001  3.9035743e+000  1.0728549e+001
  3.5800000e+001  3.8645024e+000  1.0710989e+001
  3.5900000e+001  3.8258712e+000  1.0692794e+001
  3.6000000e+001  3.7872918e+000  1.0674125e+001
  3.6100000e+001  3.7489823e+000  1.0654921e+001
  3.6200000e+001  3.7110863e+000  1.0635153e+001
  3.6300000e+001  3.6733249e+000  1.0614938e+001
  3.6400000e+001  3.6359573e+000  1.0594205e+001
  3.6500000e+001  3.5987782e+000  1.0573044e+001
  3.6600000e+001  3.5619721e+000  1.0551411e+001
  3.6700000e+001  3.5254495e+000  1.0529357e+001
  3.6800000e+001  3.4892177e+000  1.0506898e+001
  3.6900000e+001  3.4532840e+000  1.0484050e+001
  3.7000000e+001  3.4176553e+000  1.0460831e+001
  3.7100000e+001  3.3823386e+000  1.0437257e+001
  3.7200000e+001  3.3473403e+000  1.0413345e+001
  3.7300000e+001  3.3126666e+000  1.0389113e+001
  3.7400000e+001  3.2783237e+000  1.0364576e+001
  3.7500000e+001  3.2442134e+000  1.0339785e+001
  3.7600000e+001  3.2105310e+000  1.0314697e+001
  3.7700000e+001  3.1770562e+000  1.0289400e+001
  3.7800000e+001  3.1440560e+000  1.0263829e+001
  3.7900000e+001  3.1112377e+000  1.0238093e+001
  3.8000000e+001  3.0787461e+000  1.0212166e+001
  3.8100000e+001  3.0467481e+000  1.0186017e+001
  3.8200000e+001  3.0149898e+000  1.0159740e+001
  3.8300000e+001  2.9835229e+000  1.0133337e+001
  3.8400000e+001  2.9524000e+000  1.0106812e+001
  3.8500000e+001  2.9216250e+000  1.0080182e+001
  3.8600000e+001  2.8912015e+000  1.0053463e+001
  3.8700000e+001  2.8610729e+000  1.0026691e+001
  3.8800000e+001  2.8310909e+000  9.9999247e+000
  3.8900000e+001  2.8017249e+000  9.9730493e+000
  3.9000000e+001  2.7727233e+000  9.9461549e+000
  3.9100000e+001  2.7437066e+000  9.9193645e+000
  3.9200000e+001  2.7154248e+000  9.8924878e+000
  3.9300000e+001  2.6871001e+000  9.8657573e+000
  3.9400000e+001  2.6595478e+000  9.8389677e+000
  3.9500000e+001  2.6319245e+000  9.8123659e+000
  3.9600000e+001  2.6047744e+000  9.7858224e+000
  3.9700000e+001  2.5781965e+000  9.7593292e+000
  3.9800000e+001  2.5516323e+000  9.7330520e+000
  3.9900000e+001  2.5254193e+000  9.7069186e+000
  4.0000000e+001  2.4995591e+000  9.6809463e+000
  4.0100000e+001  2.4740521e+000  9.6551490e+000
  4.0200000e+001  2.4488958e+000  9.6295294e+000
  4.0300000e+001  2.4240870e+000  9.6040876e+000
  4.0400000e+001  2.3996227e+000  9.5788238e+000
  4.0500000e+001  2.3754997e+000  9.5537379e+000
  4.0600000e+001  2.3517150e+000  9.5288302e+000
  4.0700000e+001  2.3277859e+000  9.5042180e+000
  4.0800000e+001  2.3045041e+000  9.4797055e+000
  4.0900000e+001  2.2817012e+000  9.4553344e+000
  4.1000000e+001  2.2585803e+000  9.4312955e+000
  4.1100000e+001  2.2363848e+000  9.4072888e+000
  4.1200000e+001  2.2140640e+000  9.3835650e+000
  4.1300000e+001  2.1922932e+000  9.3599624e+000
  4.1400000e+001  2.1703366e+000  9.3366526e+000
  4.1500000e+001  2.1494037e+000  9.3133530e+000
  4.1600000e+001  2.1280264e+000  9.2904027e+000
  4.1700000e+001  2.1069281e+000  9.2676324e+000
  4.1800000e+001  2.0867515e+000  9.2448961e+000
  4.1900000e+001  2.0663496e+000  9.2224528e+000
  4.2000000e+001  2.0460856e+000  9.2002184e+000
  4.2100000e+001  2.0260902e+000  9.1781621e+000
  4.2200000e+001  2.0063608e+000  9.1562835e+000
  4.2300000e+001  1.9868950e+000  9.1345819e+000
  4.2400000e+001  1.9676901e+000  9.1130569e+000
  4.2500000e+001  1.9487437e+000  9.0917077e+000
  4.2600000e+001  1.9300533e+000  9.0705339e+000
  4.2700000e+001  1.9116163e+000  9.0495347e+000
  4.2800000e+001  1.8934304e+000  9.0287096e+000
  4.2900000e+001  1.8754930e+000  9.0080578e+000
  4.3000000e+001  1.8571905e+000  8.9877049e+000
  4.3100000e+001  1.8394187e+000  8.9674632e+000
  4.3200000e+001  1.8222012e+000  8.9473280e+000
  4.3300000e+001  1.8049374e+000  8.9274209e+000
  4.3400000e+001  1.7875117e+000  8.9077625e+000
  4.3500000e+001  1.7709931e+000  8.8881370e+000
  4.3600000e+001  1.7538481e+000  8.8688492e+000
  4.3700000e+001  1.7376480e+000  8.8495857e+000
  4.3800000e+001  1.7210384e+000  8.8306123e+000
  4.3900000e+001  1.7051700e+000  8.8117022e+000
  4.4000000e+001  1.6887343e+000  8.7931078e+000
  4.4100000e+001  1.6735420e+000  8.7744792e+000
  4.4200000e+001  1.6575146e+000  8.7562126e+000
  4.4300000e+001  1.6420031e+000  8.7380488e+000
  4.4400000e+001  1.6271199e+000  8.7199663e+000
  4.4500000e+001  1.6116848e+000  8.7021843e+000
  4.4600000e+001  1.5964399e+000  8.6845619e+000
  4.4700000e+001  1.5818773e+000  8.6670078e+000
  4.4800000e+001  1.5675598e+000  8.6496017e+000
  4.4900000e+001  1.5529504e+000  8.6324390e+000
  4.5000000e+001  1.5384571e+000  8.6154435e+000
  4.5100000e+001  1.5241447e+000  8.5986021e+000
  4.5200000e+001  1.5100112e+000  8.5819135e+000
  4.5300000e+001  1.4960550e+000  8.5653766e+000
  4.5400000e+001  1.4822742e+000  8.5489903e+000
  4.5500000e+001  1.4686671e+000  8.5327534e+000
  4.5600000e+001  1.4552319e+000  8.5166646e+000
  4.5700000e+001  1.4419668e+000  8.5007227e+000
  4.5800000e+001  1.4288701e+000  8.4849267e+000
  4.5900000e+001  1.4159402e+000  8.4692751e+000
  4.6000000e+001  1.4031753e+000  8.4537668e+000
  4.6100000e+001  1.3901436e+000  8.4384713e+000
  4.6200000e+001  1.3771282e+000  8.4233394e+000
  4.6300000e+001  1.3646066e+000  8.4082913e+000
  4.6400000e+001  1.3524768e+000  8.3933433e+000
  4.6500000e+001  1.3402766e+000  8.3785685e+000
  4.6600000e+001  1.3275894e+000  8.3640307e+000
  4.6700000e+001  1.3157418e+000  8.3495170e+000
  4.6800000e+001  1.3041286e+000  8.3351230e+000
  4.6900000e+001  1.2916761e+000  8.3210140e+000
  4.7000000e+001  1.2803279e+000  8.3068855e+000
  4.7100000e+001  1.2686593e+000  8.2929572e+000
  4.7200000e+001  1.2569930e+000  8.2791769e+000
  4.7300000e+001  1.2459259e+000  8.2654526e+000
  4.7400000e+001  1.2342058e+000  8.2519715e+000
  4.7500000e+001  1.2234692e+000  8.2384864e+000
  4.7600000e+001  1.2119553e+000  8.2252580e+000
  4.7700000e+001  1.2012824e+000  8.2120449e+000
  4.7800000e+001  1.1902308e+000  8.1990248e+000
  4.7900000e+001  1.1793591e+000  8.1861141e+000
  4.8000000e+001  1.1690216e+000  8.1732605e+000
  4.8100000e+001  1.1579141e+000  8.1606489e+000
  4.8200000e+001  1.1477522e+000  8.1480331e+000
  4.8300000e+001  1.1374516e+000  8.1355655e+000
  4.8400000e+001  1.1267013e+000  8.1232869e+000
  4.8500000e+001  1.1166877e+000  8.1110305e+000
  4.8600000e+001  1.1069633e+000  8.0988577e+000
  4.8700000e+001  1.0965595e+000  8.0868986e+000
  4.8800000e+001  1.0862666e+000  8.0750428e+000
  4.8900000e+001  1.0765986e+000  8.0632199e+000
  4.9000000e+001  1.0671035e+000  8.0514898e+000
  4.9100000e+001  1.0574972e+000  8.0398883e+000
  4.9200000e+001  1.0476440e+000  8.0284307e+000
  4.9300000e+001  1.0378963e+000  8.0170686e+000
  4.9400000e+001  1.0282533e+000  8.0058005e+000
  4.9500000e+001  1.0188530e+000  7.9946070e+000
  4.9600000e+001  1.0096617e+000  7.9834912e+000
  4.9700000e+001  1.0005180e+000  7.9724717e+000
  4.9800000e+001  9.9142138e-001  7.9615470e+000
  4.9900000e+001  9.8237131e-001  7.9507150e+000
  5.0000000e+001  9.7336719e-001  7.9399741e+000
  5.0100000e+001  9.6440843e-001  7.9293225e+000
  5.0200000e+001  9.5549448e-001  7.9187581e+000
  5.0300000e+001  9.4662476e-001  7.9082792e+000
  5.0400000e+001  9.3779872e-001  7.8978838e+000
  5.0500000e+001  9.2901582e-001  7.8875701e+000
  5.0600000e+001  9.2033429e-001  7.8773293e+000
  5.0700000e+001  9.1196233e-001  7.8671354e+000
  5.0800000e+001  9.0368176e-001  7.8570123e+000
  5.0900000e+001  8.9549173e-001  7.8469583e+000
  5.1000000e+001  8.8719848e-001  7.8369935e+000
  5.1100000e+001  8.7865919e-001  7.8271315e+000
  5.1200000e+001  8.7015946e-001  7.8173378e+000
  5.1300000e+001  8.6203469e-001  7.8075734e+000
  5.1400000e+001  8.5427955e-001  7.7978379e+000
  5.1500000e+001  8.4634132e-001  7.7881901e+000
  5.1600000e+001  8.3799098e-001  7.7786523e+000
  5.1700000e+001  8.2991804e-001  7.7691475e+000
  5.1800000e+001  8.2249596e-001  7.7596349e+000
  5.1900000e+001  8.1459441e-001  7.7502329e+000
  5.2000000e+001  8.0638637e-001  7.7409201e+000
  5.2100000e+001  7.9909504e-001  7.7315672e+000
  5.2200000e+001  7.9149776e-001  7.7223000e+000
  5.2300000e+001  7.8339110e-001  7.7131362e+000
  5.2400000e+001  7.7638932e-001  7.7039098e+000
  5.2500000e+001  7.6869029e-001  7.6948016e+000
  5.2600000e+001  7.6107851e-001  7.6857300e+000
  5.2700000e+001  7.5410852e-001  7.6766388e+000
  5.2800000e+001  7.4616187e-001  7.6676852e+000
  5.2900000e+001  7.3948882e-001  7.6586473e+000
  5.3000000e+001  7.3175703e-001  7.6497495e+000
  5.3100000e+001  7.2489897e-001  7.6408038e+000
  5.3200000e+001  7.1746438e-001  7.6319468e+000
  5.3300000e+001  7.1058782e-001  7.6230691e+000
  5.3400000e+001  7.0328136e-001  7.6142614e+000
  5.3500000e+001  6.9655125e-001  7.6054284e+000
  5.3600000e+001  6.8920555e-001  7.5966777e+000
  5.3700000e+001  6.8278531e-001  7.5878670e+000
  5.3800000e+001  6.7523462e-001  7.5791800e+000
  5.3900000e+001  6.6896753e-001  7.5703985e+000
  5.4000000e+001  6.6177466e-001  7.5617170e+000
  5.4100000e+001  6.5514627e-001  7.5530019e+000
  5.4200000e+001  6.4866451e-001  7.5442886e+000
  5.4300000e+001  6.4142455e-001  7.5356522e+000
  5.4400000e+001  6.3527146e-001  7.5269335e+000
  5.4500000e+001  6.2860992e-001  7.5182660e+000
  5.4600000e+001  6.2169193e-001  7.5096260e+000
  5.4700000e+001  6.1560377e-001  7.5009215e+000
  5.4800000e+001  6.0911211e-001  7.4922526e+000
  5.4900000e+001  6.0216240e-001  7.4836209e+000
  5.5000000e+001  5.9613728e-001  7.4749129e+000
